1.000000000000000021e-03
1.169989106589066534e-03
1.368874509537080673e-03
1.601568264445835501e-03
1.873817422860383055e-03
2.192345972483446693e-03
2.565020905680045604e-03
3.001046517818871818e-03
3.511191734215130845e-03
4.108056080177271627e-03
4.806380863064388907e-03
5.623413251903490971e-03
6.579332246575681983e-03
7.697747057123710719e-03
9.006280202112786765e-03
1.053724972736073094e-02
1.232846739442065853e-02
1.442417255241065614e-02
1.687612475788146868e-02
1.974488212815936686e-02
2.310129700083159154e-02
2.702826583905162255e-02
3.162277660168379134e-02
3.699830414406964085e-02
4.328761281083057244e-02
5.064603543891706139e-02
5.925530975545674484e-02
6.932806692144523331e-02
8.111308307896868131e-02
9.490142360424724810e-02
1.110336318167637892e-01
1.299081396906346664e-01
1.519911082952933035e-01
1.778279410038922925e-01
2.080567538217169277e-01
2.434241355236919646e-01
2.848035868435799256e-01
3.332170941244816387e-01
3.898603702549071626e-01
4.561323862890210856e-01
5.336699231206306626e-01
6.243879965653625908e-01
7.305271542664448781e-01
8.547088125592510188e-01
1.000000000000000000e+00
